10
6
10
10
6
1
6
3
10
10
3
10
6
0
3
6
10
4
3
4
0
1
1
6
3
3
2
0
10
7
3
1
0
3
10
5
10
6
6
5
0
1
11
8
3
10
6
5
8
4
5
7
2
11
6
4
3
11
2
11
5
5
0
0
6
3
6
6
10
10
11
10
10
8
8
4
8
8
6
6
6
6
8
8
8
6
8
6
8
5
4
8
1
6
6
8
8
6
6
4
6
8
8
8
8
6
6
10
8
3
6
6
10
3
5
7
6
8
6
6
4
8
6
6
8
5
2
6
5
5
5
5
4
0
6
3
11
10
1
0
1
4
3
0
5
0
6
4
1
10
6
6
3
4
6
5
6
0
10
10
2
1
8
0
1
8
5
6
0
4
0
1
3
2
5
6
4
4
6
6
6
4
6
6
6
6
4
6
0
4
4
6
4
4
4
6
4
4
6
8
4
8
8
6
8
0
3
0
10
8
8
8
3
7
6
2
8
6
11
8
3
10
2
6
3
0
8
5
5
9
2
8
8
2
2
11
9
8
2
4
5
8
10
2
0
8
5
8
11
2
2
10
8
6
9
3
0
2
7
8
0
4
8
4
11
11
9
8
8
8
8
8
0
8
8
9
3
0
7
8
8
8
1
2
2
2
8
2
8
2
8
8